# time sync_clr/load/en/up q result

# 10 xxxx 0 0 ERROR
# 30 0000 0 0      
# 50 0011 1 1      
# 70 0011 2 2      
# 90 0011 3 3      
# 110 0011 4 4      
# 130 0011 5 5      
# 150 0011 6 6      
# 170 0011 7 7      
# 190 0011 0 0      
# 210 0011 1 1      
# 230 0011 2 2      
# 250 0001 2 2      
# 270 0101 5 5      
# 290 0001 5 5      
# 310 0010 4 4      
# 330 0010 3 3      
# 350 0010 2 2      
# 370 0010 1 1      
# 390 0010 0 0      
# 410 0010 7 7      
# 430 0010 6 6      
# 450 0000 6 6      
# 470 1000 0 0      
# 490 0000 0 0      
# 510 0011 1 1      
# 530 0011 2 2      
# 550 0011 3 3      
# 570 0011 4 4      
# 590 0001 4 4      
# 610 0001 0 0      
# 630 0101 7 7      
# 650 0001 7 7      
# 670 0010 6 6      
# 690 0010 5 5      
# 710 0010 4 4      
# 730 0010 3 3      
# 750 0010 2 2      
# 770 0010 1 1      
# 790 0010 0 0