# BCD_input   Binary_output(Decimal_value)
#      0          0000000(0)
#      1          0000001(1)
#      2          0000010(2)
#      3          0000011(3)
#      4          0000100(4)
#      5          0000101(5)
#      6          0000110(6)
#      7          0000111(7)
#      8          0001000(8)
#      9          0001001(9)
#      10          0001010(10)
#      11          0001011(11)
#      12          0001100(12)
#      13          0001101(13)
#      14          0001110(14)
#      15          0001111(15)
#      16          0010000(16)
#      17          0010001(17)
#      18          0010010(18)
#      19          0010011(19)
#      20          0010100(20)
#      21          0010101(21)
#      22          0010110(22)
#      23          0010111(23)
#      24          0011000(24)
#      25          0011001(25)
#      26          0011010(26)
#      27          0011011(27)
#      28          0011100(28)
#      29          0011101(29)
#      30          0011110(30)
#      31          0011111(31)
#      32          0100000(32)
#      33          0100001(33)
#      34          0100010(34)
#      35          0100011(35)
#      36          0100100(36)
#      37          0100101(37)
#      38          0100110(38)
#      39          0100111(39)
#      40          0101000(40)
#      41          0101001(41)
#      42          0101010(42)
#      43          0101011(43)
#      44          0101100(44)
#      45          0101101(45)
#      46          0101110(46)
#      47          0101111(47)
#      48          0110000(48)
#      49          0110001(49)
#      50          0110010(50)
#      51          0110011(51)
#      52          0110100(52)
#      53          0110101(53)
#      54          0110110(54)
#      55          0110111(55)
#      56          0111000(56)
#      57          0111001(57)
#      58          0111010(58)
#      59          0111011(59)
#      60          0111100(60)
#      61          0111101(61)
#      62          0111110(62)
#      63          0111111(63)
#      64          1000000(64)
#      65          1000001(65)
#      66          1000010(66)
#      67          1000011(67)
#      68          1000100(68)
#      69          1000101(69)
#      70          1000110(70)
#      71          1000111(71)
#      72          1001000(72)
#      73          1001001(73)
#      74          1001010(74)
#      75          1001011(75)
#      76          1001100(76)
#      77          1001101(77)
#      78          1001110(78)
#      79          1001111(79)
#      80          1010000(80)
#      81          1010001(81)
#      82          1010010(82)
#      83          1010011(83)
#      84          1010100(84)
#      85          1010101(85)
#      86          1010110(86)
#      87          1010111(87)
#      88          1011000(88)
#      89          1011001(89)
#      90          1011010(90)
#      91          1011011(91)
#      92          1011100(92)
#      93          1011101(93)
#      94          1011110(94)
#      95          1011111(95)
#      96          1100000(96)
#      97          1100001(97)
#      98          1100010(98)
#      99          1100011(99)