# a[3]  a[2] a[1] a[0] bcode
#  0     0    0    0   0000000000000001
#  0     0    0    1   0000000000000010
#  0     0    1    0   0000000000000100
#  0     0    1    1   0000000000001000
#  0     1    0    0   0000000000010000
#  0     1    0    1   0000000000100000
#  0     1    1    0   0000000001000000
#  0     1    1    1   0000000010000000
#  1     0    0    0   0000000100000000
#  1     0    0    1   0000001000000000
#  1     0    1    0   0000010000000000
#  1     0    1    1   0000100000000000
#  1     1    0    0   0001000000000000
#  1     1    0    1   0010000000000000
#  1     1    1    0   0100000000000000
#  1     1    1    1   1000000000000000