	Write TEST
# wr rd ful emp read_data
#  1  0 0    0   255 
#  2  0 0    0   255 
#  3  0 0    0   255 
#  4  0 0    0   255 
#  5  0 0    0   255 
#  6  0 0    0   255 
#  7  0 0    0   255 
#  8  0 0    0   255 
#  9  0 0    0   255 
# 10  0 0    0   255 
# 11  0 0    0   255 
# 12  0 0    0   255 
# 13  0 0    0   255 
# 14  0 0    0   255 
# 15  0 0    0   255 
#  0  0 1    0   255 

Read&Write while FULL TEST
         ----

	Read TEST
# wr rd ful emp read_data
#  0  1 0    0   254 
#  0  2 0    0   253 
#  0  3 0    0   252 
#  0  4 0    0   251 
#  0  5 0    0   250 
#  0  6 0    0   249 
#  0  7 0    0   248 
#  0  8 0    0   247 
#  0  9 0    0   246 
#  0 10 0    0   245 
#  0 11 0    0   244 
#  0 12 0    0   243 
#  0 13 0    0   242 
#  0 14 0    0   241 
#  0 15 0    0   240 
#  0  0 0    1   255 

 Read&Write while EMPTY TEST
	 ----- 

Read&Write But Not Full/Empty
# wr rd ful emp read_data
#  1  0 0    0   240 
#  2  0 0    0   240 
#  3  0 0    0   240 
#  4  0 0    0   240 
#  5  0 0    0   240 
#  6  0 0    0   240 
#  7  0 0    0   240 
#  8  0 0    0   240 
#  9  1 0    0   239 
# 10  2 0    0   238 
# 11  3 0    0   237 
# 12  4 0    0   236 
# 13  5 0    0   235 
# 14  6 0    0   234 
# 15  7 0    0   233 
#  0  8 0    0     1 
#  1  9 0    0     2 
#  2 10 0    0     3 
#  3 11 0    0     4 
#  4 12 0    0     5 
#  5 13 0    0     6 
#  6 14 0    0     7 
#  7 15 0    0     8 
#  8  0 0    0     9 
#  9  1 0    0    10 
# 10  2 0    0    11 
# 11  3 0    0    12 