# a b gt
# 0 0 0
# 0 1 0
# 0 2 0
# 0 3 0
# 0 4 0
# 0 5 0
# 0 6 0
# 0 7 0
# 0 8 0
# 0 9 0
# 0 10 0
# 0 11 0
# 0 12 0
# 0 13 0
# 0 14 0
# 0 15 0
# 1 0 1
# 1 1 0
# 1 2 0
# 1 3 0
# 1 4 0
# 1 5 0
# 1 6 0
# 1 7 0
# 1 8 0
# 1 9 0
# 1 10 0
# 1 11 0
# 1 12 0
# 1 13 0
# 1 14 0
# 1 15 0
# 2 0 1
# 2 1 1
# 2 2 0
# 2 3 0
# 2 4 0
# 2 5 0
# 2 6 0
# 2 7 0
# 2 8 0
# 2 9 0
# 2 10 0
# 2 11 0
# 2 12 0
# 2 13 0
# 2 14 0
# 2 15 0
# 3 0 1
# 3 1 1
# 3 2 1
# 3 3 0
# 3 4 0
# 3 5 0
# 3 6 0
# 3 7 0
# 3 8 0
# 3 9 0
# 3 10 0
# 3 11 0
# 3 12 0
# 3 13 0
# 3 14 0
# 3 15 0
# 4 0 1
# 4 1 1
# 4 2 1
# 4 3 1
# 4 4 0
# 4 5 0
# 4 6 0
# 4 7 0
# 4 8 0
# 4 9 0
# 4 10 0
# 4 11 0
# 4 12 0
# 4 13 0
# 4 14 0
# 4 15 0
# 5 0 1
# 5 1 1
# 5 2 1
# 5 3 1
# 5 4 1
# 5 5 0
# 5 6 0
# 5 7 0
# 5 8 0
# 5 9 0
# 5 10 0
# 5 11 0
# 5 12 0
# 5 13 0
# 5 14 0
# 5 15 0
# 6 0 1
# 6 1 1
# 6 2 1
# 6 3 1
run -all
# 6 4 1
# 6 5 1
# 6 6 0
# 6 7 0
# 6 8 0
# 6 9 0
# 6 10 0
# 6 11 0
# 6 12 0
# 6 13 0
# 6 14 0
# 6 15 0
# 7 0 1
# 7 1 1
# 7 2 1
# 7 3 1
# 7 4 1
# 7 5 1
# 7 6 1
# 7 7 0
# 7 8 0
# 7 9 0
# 7 10 0
# 7 11 0
# 7 12 0
# 7 13 0
# 7 14 0
# 7 15 0
# 8 0 1
# 8 1 1
# 8 2 1
# 8 3 1
# 8 4 1
# 8 5 1
# 8 6 1
# 8 7 1
# 8 8 0
# 8 9 0
# 8 10 0
# 8 11 0
# 8 12 0
# 8 13 0
# 8 14 0
# 8 15 0
# 9 0 1
# 9 1 1
# 9 2 1
# 9 3 1
# 9 4 1
# 9 5 1
# 9 6 1
# 9 7 1
# 9 8 1
# 9 9 0
# 9 10 0
# 9 11 0
# 9 12 0
# 9 13 0
# 9 14 0
# 9 15 0
# 10 0 1
# 10 1 1
# 10 2 1
# 10 3 1
# 10 4 1
# 10 5 1
# 10 6 1
# 10 7 1
# 10 8 1
# 10 9 1
# 10 10 0
# 10 11 0
# 10 12 0
# 10 13 0
# 10 14 0
# 10 15 0
# 11 0 1
# 11 1 1
# 11 2 1
# 11 3 1
# 11 4 1
# 11 5 1
# 11 6 1
# 11 7 1
# 11 8 1
# 11 9 1
# 11 10 1
# 11 11 0
# 11 12 0
# 11 13 0
# 11 14 0
# 11 15 0
# 12 0 1
# 12 1 1
# 12 2 1
# 12 3 1
# 12 4 1
# 12 5 1
# 12 6 1
# 12 7 1
# 12 8 1
# 12 9 1
# 12 10 1
# 12 11 1
# 12 12 0
# 12 13 0
# 12 14 0
# 12 15 0
# 13 0 1
# 13 1 1
# 13 2 1
# 13 3 1
# 13 4 1
# 13 5 1
# 13 6 1
# 13 7 1
# 13 8 1
# 13 9 1
# 13 10 1
# 13 11 1
# 13 12 1
# 13 13 0
# 13 14 0
# 13 15 0
# 14 0 1
# 14 1 1
# 14 2 1
# 14 3 1
# 14 4 1
# 14 5 1
# 14 6 1
# 14 7 1
# 14 8 1
# 14 9 1
# 14 10 1
# 14 11 1
# 14 12 1
# 14 13 1
# 14 14 0
# 14 15 0
# 15 0 1
# 15 1 1
# 15 2 1
# 15 3 1
# 15 4 1
# 15 5 1
# 15 6 1
# 15 7 1
# 15 8 1
# 15 9 1
# 15 10 1
# 15 11 1
# 15 12 1
# 15 13 1
# 15 14 1
# 15 15 0